2003	569
2003	1196
2003	1210
2003	1343
2003	2272
2004	380
2005	3163
2006	3210
2006	6875
2010	1296
2012	1884
2012	4262
2012	8007
2015	2643
2017	9216
2018	832
2019	10080
2020	837
2021	2019
2022	1506
2023	1012
2024	6422
2028	3924
2030	3403
2031	693
2031	10666
2031	12171
2033	5231
2034	3551
2035	2681
2036	366
2036	630
2036	726
2036	752
2036	785
2037	370
2037	405
2041	12242
2041	12252
2042	463
2042	822
2043	3425
2044	11850
2045	1816
2048	12475
2049	55
2049	127
2049	155
2052	154
2053	344
2053	381
2053	1995
2053	10351
2055	3720
2056	8717
2056	9469
2056	11919
2056	12498
2059	157
2059	6855
2059	12440
2060	102
2060	1676
2060	2840
2062	4375
2062	6728
2062	12367
2065	12394
2066	3180
2067	208
2067	10810
2068	2481
2069	3859
2069	3978
2070	655
2071	414
2071	11922
2072	3219
2072	5974
2073	4274
2073	5009
2073	12297
2074	2205
2075	255
2075	2437
2076	1508
2077	388
2080	10886
2088	2715
2089	193
2090	1419
2092	12218
2093	572
2093	9560
2094	1039
2095	417
2095	2472
2095	5904
2096	2448
2096	3457
2098	12387
2099	1779
2099	12311
2103	321
2104	3882
2104	12015
2104	12388
2107	5297
2107	6613
2108	3868
2109	12241
2110	1085
2111	897
2111	12288
2114	1464
2114	5476
2115	7936
2117	1655
2117	9110
2118	1173
2119	1559
2119	2741
2119	12268
2121	7906
2126	694
2127	12454
2129	1026
2132	1461
2132	3423
2134	562
2138	3104
2139	2871
2142	206
2142	3679
2142	7604
2146	651
2147	4575
2148	2483
2148	5597
2149	1849
2150	353
2153	1318
2154	934
2155	2985
2157	12273
2158	4892
2158	5298
2159	1096
2163	520
2163	1047
2163	1092
2164	78
2164	3578
2166	7016
2166	12443
2166	12471
2167	7071
2168	12436
2169	724
2169	2997
2170	1312
2170	1573
2171	101
2172	3336
2172	5963
2172	6358
2172	7048
2173	1360
2173	2259
2173	2513
2173	2554
2175	2785
2175	11512
2176	2995
2177	1365
2177	2811
2178	79
2178	2283
2178	2324
2178	3096
2179	8353
2180	2427
2180	6710
2181	3902
2182	8319
2183	555
2183	4472
2184	1553
2185	12400
2188	437
2188	11136
2190	230
2191	1775
2193	464
2193	506
2194	526
2194	11237
2195	2273
2195	5756
2197	1684
2198	9565
2199	28
2200	2509
2201	2966
2201	3446
2202	830
2203	1045
2205	6402
2205	9693
2206	198
2207	1815
2207	2601
2207	11666
2208	527
2208	792
2209	376
2211	3024
2211	11303
2212	2199
2212	3956
2213	76
2213	88
2213	1338
2213	3600
2214	466
2214	12246
2217	326
2217	886
2217	898
2218	92
2219	368
2219	547
2220	10794
2220	12059
2221	1110
2221	1481
2221	1737
2221	1795
2221	7567
2224	1137
2225	507
2225	1366
2225	5787
2225	10138
2226	397
2226	774
2227	1890
2228	183
2228	3154
2229	479
2230	907
2230	1824
2231	841
2231	2342
2232	504
2232	587
2232	11717
2233	658
2234	139
2234	740
2235	3091
2236	1789
2237	551
2237	12494
2238	1140
2240	12217
2241	2151
2241	3683
2241	5104
2245	1270
2245	3019
2246	31
2246	261
2246	2025
2246	2964
2247	421
2248	590
2248	810
2248	7560
2248	8798
2249	1609
2250	3627
2251	1589
2251	10150
2255	233
2255	1718
2257	286
2257	1181
2257	9097
2258	5257
2258	7695
2258	12140
2258	12390
2259	35
2260	772
2261	163
2261	1560
2261	1781
2262	33
2262	300
2262	2181
2262	11730
2263	508
2263	10583
2264	252
2264	734
2264	9754
2265	436
2266	854
2266	2404
2266	5016
2267	128
2267	179
2267	2139
2268	940
2268	3566
2268	9829
2269	212
2269	1757
2269	5773
2271	1920
2271	5246
2272	2371
2273	549
2275	1203
2275	11532
2276	2645
2277	246
2278	161
2280	309
2280	2361
2280	11422
2281	1854
2281	2022
2282	2040
2283	87
2283	545
2283	11714
2284	57
2284	748
2284	5642
2285	6
2285	12449
2286	0
2286	1216
2286	1507
2286	2589
2286	4147
2286	6099
2287	6704
2287	11485
2288	558
2288	981
2288	1005
2288	2087
2288	2793
2288	3343
2290	686
2292	32
2292	2596
2292	8207
2293	228
2293	11853
2294	3309
2294	6243
2295	985
2296	428
2296	1485
2297	1954
2297	4186
2298	3917
2300	195
2300	1226
2300	1639
2300	4506
2300	9867
2300	10669
2301	1074
2302	548
2302	1025
2303	338
2303	923
2303	1046
2303	5466
2304	11920
2305	1244
2305	8842
2306	129
2306	537
2306	662
2307	2053
2307	5360
2307	5994
2307	11791
2308	277
2308	8664
2309	221
2309	1094
2309	1934
2309	2847
2310	499
2310	510
2310	617
2310	1670
2310	1913
2310	12463
2311	99
2311	1169
2311	7376
2312	392
2312	1116
2313	563
2313	676
2314	283
2314	538
2314	1083
2314	2124
2314	3376
2315	12279
2316	49
2316	143
2316	4879
2317	377
2317	1591
2318	595
2318	640
2318	2306
2319	232
2319	352
2319	1648
2319	3311
2319	9370
2319	11530
2320	223
2320	402
2320	11810
2321	39
2321	715
2322	375
2323	387
2323	3271
2324	627
2324	2772
2325	236
2325	746
2325	12173
2326	426
2326	2362
2327	498
2327	543
2327	1535
2328	701
2328	2894
2329	7206
2330	30
2330	152
2330	348
2330	779
2330	1394
2331	2130
2332	316
2333	920
2333	4514
2333	11377
2334	7186
2335	517
2335	1180
2336	19
2336	134
2336	1256
2336	1298
2336	2555
2337	971
2337	7315
2337	7839
2337	12106
2338	25
2339	12381
2340	34
2340	181
2340	932
2340	12034
2341	848
2342	225
2342	1032
2342	1078
2343	797
2343	836
2344	96
2344	489
2345	52
2345	7181
2346	737
2346	1028
2346	1946
2347	1547
2347	4107
2348	165
2348	249
2348	407
2348	1451
2349	245
2349	251
2349	497
2350	306
2350	11640
2351	3596
2352	175
2352	3972
2353	194
2353	1135
2353	2126
2354	8595
2357	596
2358	227
2359	168
2359	383
2360	38
2360	111
2360	279
2360	290
2360	346
2360	410
2360	3724
2360	4918
2361	118
2361	1850
2361	6037
2362	313
2362	12031
2363	427
2363	955
2363	3712
2365	11
2365	234
2366	162
2367	67
2367	295
2367	314
2367	2689
2367	12206
2368	322
2368	675
2369	929
2369	1240
2369	1449
2369	6104
2369	6771
2369	7875
2369	12075
2370	98
2370	145
2371	862
2372	1051
2372	6209
2374	4
2374	1754
2375	495
2375	1595
2376	72
2376	81
2376	240
2376	1174
2376	2146
2376	10025
2377	24
2377	751
2377	3122
2377	5477
2378	214
2378	2054
2379	2473
2379	4258
2380	643
2380	1534
2380	9847
2380	12472
2381	171
2381	1456
2381	2332
2381	2417
2382	231
2382	502
2382	552
2383	16
2383	65
2383	12176
2384	169
2384	188
2384	298
2384	406
2384	817
2385	3105
2386	303
2387	27
2387	441
2387	591
2387	847
2387	2828
2388	465
2388	4598
2389	1023
2390	268
2390	541
2390	6216
2390	6476
2391	106
2391	3573
2392	1178
2393	317
2393	443
2393	505
2393	1048
2394	709
2394	2640
2394	4292
2394	6292
2395	1322
2396	64
2396	199
2396	362
2396	393
2396	688
2396	896
2398	216
2398	546
2398	991
2398	1306
2398	3011
2398	3999
2399	173
2399	1469
2400	1
2400	123
2400	666
2402	46
2402	48
2402	59
2402	431
2402	1818
2403	45
2403	56
2403	860
2403	3097
2404	62
2405	276
2405	293
2405	475
2406	182
2406	184
2406	1332
2406	12076
2407	130
2407	4259
2408	94
2408	673
2409	158
2410	84
2410	133
2410	138
2411	2
2411	288
2411	1784
2412	85
2412	553
2412	977
2412	2743
2413	440
2413	852
2413	857
2413	1018
2413	4871
2414	15
2414	150
2414	210
2414	226
2414	229
2415	582
2415	1184
2415	4533
2416	1126
2417	131
2417	395
2417	612
2417	12175
2418	58
2418	10656
2418	12426
2419	71
2419	97
2419	237
2419	333
2419	1878
2419	2000
2420	608
2420	871
2421	966
2421	1564
2421	10049
2422	82
2422	219
2422	819
2422	3976
2423	264
2423	315
2423	600
2423	962
2423	11857
2424	29
2424	44
2424	592
2424	1778
2424	2948
2424	3118
2424	6986
2425	284
2425	1961
2426	73
2426	1259
2426	2135
2427	120
2427	2201
2427	4211
2428	40
2428	378
2428	928
2428	12032
2429	8
2429	80
2429	140
2429	460
2429	681
2429	11177
2430	1622
2430	5028
2431	122
2431	468
2431	514
2431	1917
2432	36
2432	337
2432	610
2432	707
2432	2203
2432	2280
2433	83
2434	104
2434	1906
2434	2400
2434	3181
2434	11945
2435	485
2435	634
2436	7
2436	50
2436	334
2436	9676
2437	116
2437	385
2437	760
2438	476
2438	5000
2438	12495
2439	22
2439	95
2439	149
2439	773
2440	925
2440	3490
2441	205
2441	766
2441	1231
2441	3879
2441	5318
2442	170
2442	530
2442	1644
2443	259
2443	270
2443	332
2443	565
2443	3681
2444	364
2444	4563
2445	215
2445	597
2445	1265
2445	9052
2446	374
2446	386
2446	842
2446	917
2446	1107
2447	117
2447	121
2447	174
2447	254
2448	109
2448	391
2449	263
2450	172
2450	185
2450	1724
2451	882
2451	921
2452	100
2452	144
2452	1350
2452	1735
2453	14
2453	146
2453	147
2453	382
2453	11025
2454	633
2454	883
2455	207
2455	449
2455	484
2455	967
2455	1971
2455	3441
2456	108
2456	250
2456	1679
2457	136
2457	311
2457	629
2457	997
2457	1583
2457	11342
2457	11700
2458	112
2459	824
2459	1846
2460	126
2460	3398
2460	12119
2461	90
2461	176
2461	220
2461	1000
2461	1064
2461	1368
2461	1572
2461	2695
2461	11120
2462	43
2462	93
2462	160
2462	197
2462	265
2462	401
2462	1165
2462	6712
2463	242
2463	632
2463	636
2463	732
2463	1745
2464	603
2464	1414
2465	9
2465	345
2465	459
2465	2610
2466	275
2467	110
2467	238
2467	456
2467	2926
2468	349
2468	613
2468	5813
2470	69
2470	425
2470	8959
2471	23
2471	361
2471	371
2471	396
2471	778
2472	68
2472	180
2472	418
2472	433
2473	75
2473	413
2473	806
2473	956
2473	5841
2474	1100
2474	1696
2474	3354
2475	157
2475	4996
2476	605
2476	2600
2477	51
2477	331
2477	389
2477	609
2477	10754
2478	54
2478	646
2478	915
2478	12451
2479	536
2481	1034
2481	8228
2482	5948
2482	12172
2483	42
2483	124
2483	1138
2483	1352
2483	1866
2484	235
2484	1278
2484	3518
2485	63
2486	519
2486	677
2486	782
2486	6212
2487	47
2487	341
2488	650
2488	1188
2488	3242
2489	70
2489	187
2489	247
2489	280
2489	1139
2489	2209
2489	8414
2490	21
2490	394
2491	26
2491	164
2491	308
2491	1466
2492	156
2492	329
2492	462
2492	835
2492	889
2492	1300
2492	2535
2493	258
2493	8889
2493	11905
2494	948
2495	127
2495	312
2495	12499
2496	20
2496	282
2496	422
2496	1457
2497	3669
2499	41
2499	119
2499	1536
2499	7308
2500	452
2500	12210
2500	12254
2501	623
2502	875
2503	18
2504	60
2504	217
2504	754
2504	6912
2505	66
2507	37
2507	125
2507	9189
2508	17
2508	12424
2509	186
2509	304
2509	494
2509	783
2510	324
2510	492
2510	877
2512	419
2512	1327
2512	2024
2512	3201
2513	77
2513	373
2513	818
2513	1024
2514	89
2514	379
2514	578
2515	1381
2517	1636
2518	278
2518	3385
2518	11467
2518	11498
2519	287
2519	539
2519	11234
2519	12141
2520	791
2521	3869
2522	10
2522	291
2522	2463
2522	3755
2523	248
2523	3516
2524	3324
2525	189
2525	330
2525	1996
2525	3709
2525	4601
2526	201
2526	542
2526	628
2526	12174
2527	1774
2528	281
2528	404
2528	525
2528	3672
2529	1002
2529	1307
2529	2864
2530	12
2530	269
2530	8107
2531	8571
2531	9521
2534	1991
2534	3269
2535	2451
2537	239
2537	1694
2537	5788
2538	1579
2539	1421
2539	3328
2540	739
2541	213
2541	1103
2543	3452
2544	115
2544	132
2544	177
2544	203
2544	1787
2544	2687
2545	1088
2545	12362
2546	692
2546	9686
2547	13
2547	5119
2549	1950
2550	518
2550	11511
2551	12430
2552	1979
2552	9162
2553	3894
2554	74
2554	310
2554	3111
2554	4719
2555	318
2555	398
2555	1847
2555	2536
2556	4163
2556	5082
2557	584
2557	7253
2559	360
2559	853
2559	5987
2560	493
2561	888
2561	11788
2562	61
2562	1499
2562	2217
2563	2407
2564	698
2564	1608
2564	6473
2565	975
2565	1445
2565	1459
2566	455
2568	319
2568	1081
2569	805
2569	3606
2569	4244
2570	511
2570	924
2570	1401
2570	2662
2570	7786
2571	566
2571	3043
2571	11755
2572	253
2572	544
2572	771
2572	1331
2572	8215
2573	1210
2573	1460
2573	11536
2574	486
2574	1233
2575	91
2575	594
2575	1205
2575	1341
2576	4075
2577	438
2577	1780
2577	2516
2578	5821
2579	113
2579	420
2580	3481
2581	1063
2581	11033
2582	2844
2583	2101
2583	12460
2584	706
2585	2561
2586	809
2586	1232
2586	3815
2586	4853
2586	11457
2587	789
2587	8752
2588	710
2588	906
2588	3217
2588	4911
2589	273
2589	453
2589	3499
2590	845
2590	1252
2591	137
2591	516
2591	970
2591	1175
2592	2490
2593	204
2593	831
2594	532
2594	1130
2594	1190
2594	3353
2595	424
2595	450
2595	1158
2595	3569
2595	4263
2595	4773
2595	6675
2595	10969
2596	1697
2596	12212
2597	353
2597	1118
2597	1339
2598	12078
2600	370
2600	2745
2601	861
2601	1146
2601	3064
2602	3
2602	585
2602	726
2602	839
2602	1440
2602	11151
2603	151
2603	243
2603	363
2603	2339
2603	11758
2604	92
2604	155
2604	521
2604	3934
2605	1723
2606	1225
2606	10613
2607	1998
2607	12496
2608	432
2608	649
2608	8279
2609	980
2610	105
2610	327
2610	405
2610	992
2611	336
2611	400
2611	435
2611	469
2611	599
2611	893
2612	647
2612	1010
2612	1706
2613	931
2613	4644
2614	224
2614	350
2614	2717
2615	946
2615	1001
2615	12373
2616	575
2616	2819
2616	8899
2617	294
2617	720
2617	859
2617	1243
2617	2023
2618	297
2618	2763
2618	11068
2619	351
2619	568
2619	700
2620	135
2620	1698
2620	12434
2621	870
2622	328
2622	747
2624	987
2624	6642
2624	10911
2625	3106
2626	2503
2627	114
2627	272
2627	408
2627	767
2627	905
2627	1092
2627	5751
2629	1607
2630	639
2630	8448
2631	697
2631	1164
2632	1282
2633	372
2633	512
2633	718
2633	1246
2633	1491
2634	471
2634	487
2634	901
2634	1430
2634	2778
2635	439
2635	4600
2636	262
2636	529
2637	192
2637	652
2637	2072
2638	3557
2639	1215
2640	480
2640	1072
2641	5
2641	3177
2642	616
2642	6879
2642	7785
2643	769
2643	785
2644	1516
2645	659
2645	12019
2646	6521
2647	678
2648	496
2648	1260
2648	1359
2649	28
2649	1247
2649	7115
2650	531
2650	2253
2651	5705
2652	7370
2652	10715
2653	167
2653	506
2654	447
2654	2585
2654	4541
2655	359
2655	631
2655	7184
2656	191
2657	973
2657	995
2657	1429
2658	708
2658	821
2658	1738
2659	9291
2659	12289
2660	9284
2661	76
2661	222
2661	1344
2661	12004
2662	491
2662	1043
2662	2163
2662	12110
2663	445
2664	53
2664	759
2665	515
2665	654
2665	960
2665	1641
2666	325
2666	690
2666	1832
2667	271
2667	2165
2667	4832
2668	206
2669	86
2670	141
2670	365
2670	367
2670	1628
2670	2468
2670	3186
2670	4959
2671	88
2671	1086
2671	1768
2671	10891
2672	101
2672	257
2672	1283
2672	2157
2672	10221
2673	366
2673	1875
2673	2434
2674	323
2674	942
2676	827
2676	891
2676	7586
2677	703
2679	430
2680	409
2680	1556
2681	1101
2681	6187
2682	321
2682	638
2682	1858
2682	2073
2682	8338
2683	57
2683	557
2683	693
2683	742
2684	380
2684	1162
2684	5309
2685	178
2685	601
2685	801
2685	1487
2686	218
2686	357
2686	2016
2686	4242
2687	887
2688	576
2688	667
2688	775
2688	3517
2688	3825
2688	11261
2689	153
2689	354
2689	1218
2689	3205
2690	711
2691	1017
2692	190
2692	606
2692	3080
2692	3530
2692	12250
2693	1446
2693	1479
2693	1678
2693	2724
2693	3897
2694	31
2694	1383
2694	2171
2694	3170
2695	414
2695	3473
2697	1328
2697	5714
2697	12341
2698	1682
2698	8821
2699	161
2699	179
2699	470
2699	6668
2700	964
2701	260
2701	844
2702	472
2702	954
2702	1044
2702	1062
2702	1777
2702	1943
2702	9283
2703	1015
2703	11339
2704	784
2704	2519
2704	10971
2705	154
2705	1119
2705	2147
2706	244
2706	1270
2707	807
2707	2940
2707	6940
2707	11549
2708	12142
2709	200
2709	481
2709	579
2709	8300
2711	255
2711	335
2711	429
2711	1224
2712	670
2712	11195
2713	679
2713	884
2714	4172
2715	983
2715	1720
2715	5332
2715	12214
2716	598
2716	1021
2717	988
2717	1152
2717	5894
2718	705
2718	1102
2718	10274
2719	1482
2719	2991
2720	1838
2721	866
2723	376
2723	477
2723	1514
2723	2890
2724	885
2724	1141
2724	1585
2724	1976
2724	2373
2727	230
2727	4157
2727	4702
2728	159
2729	1212
2729	1311
2729	1675
2730	11935
2732	719
2733	6732
2734	2822
2734	3511
2735	637
2735	814
2735	1016
2736	1558
2737	5585
2738	320
2738	1986
2738	5644
2739	193
2739	313
2739	702
2739	798
2739	825
2739	1055
2739	2065
2740	428
2740	856
2740	910
2740	1172
2740	1476
2740	5143
2741	2071
2741	10658
2741	12127
2742	1719
2742	9460
2743	593
2743	1518
2743	6651
2743	8766
2743	12358
2744	1038
2744	1395
2744	1409
2745	3812
2746	416
2746	5113
2747	1189
2747	1309
2747	11042
2748	3168
2748	4979
2748	6518
2749	3493
2749	5916
2750	129
2750	437
2750	849
2750	1235
2751	368
2751	3125
2752	241
2752	642
2752	867
2752	2019
2753	106
2753	1075
2753	1342
2754	166
2754	2196
2754	4473
2754	9032
2755	560
2755	1191
2755	1634
2755	10040
2756	11
2756	344
2757	535
2757	943
2757	1660
2758	615
2758	3077
2759	820
2760	725
2761	58
2761	457
2761	520
2761	1872
2761	4399
2762	202
2762	733
2762	802
2762	1168
2764	1056
2764	4806
2765	2084
2765	2967
2766	716
2766	1441
2766	11153
2767	522
2767	794
2767	989
2767	10902
2768	198
2768	1505
2768	2048
2768	3288
2768	7419
2769	561
2769	1316
2770	355
2770	1238
2770	1266
2771	1333
2771	2619
2771	4569
2772	1351
2773	139
2773	524
2774	978
2774	1280
2774	3059
2774	3456
2775	604
2776	152
2776	233
2776	3953
2776	4742
2777	620
2778	286
2778	890
2778	1230
2778	1250
2779	1416
2779	3139
2780	339
2780	381
2780	799
2780	1318
2780	3119
2780	5513
2780	9575
2781	340
2781	6359
2781	6839
2782	2987
2782	4372
2782	5266
2783	1142
2783	9608
2784	87
2784	148
2784	1183
2784	1335
2784	11972
2785	748
2785	753
2786	689
2787	0
2787	695
2788	451
2788	1909
2788	2712
2789	196
2790	33
2790	79
2790	356
2790	504
2790	1061
2790	1070
2790	1540
2791	412
2792	1253
2793	551
2793	926
2794	295
2794	513
2794	868
2794	1108
2794	1207
2794	4523
2794	7854
2795	116
2795	168
2795	298
2795	326
2795	538
2795	559
2795	764
2795	7079
2796	212
2796	479
2796	488
2796	573
2796	696
2796	803
2796	1134
2796	1204
2796	2399
2796	2620
2796	5812
2797	29
2797	285
2797	333
2797	533
2797	1014
2797	1036
2797	1120
2797	4971
2798	256
2798	415
2798	743
2798	757
2798	879
2798	1037
2798	1361
2798	1690
2798	2406
2798	11750
2799	261
2799	635
2799	1058
2799	1826
2799	3532
2799	3622
2799	4387
2799	6385
2800	630
2800	1117
2800	2077
2800	4767
2800	7000
2801	39
2801	574
2801	1071
2801	10856
2802	2117
2803	999
2803	3594
2803	10763
2804	461
2804	763
2804	2480
2804	4268
2805	85
2805	1206
2806	3944
2806	4451
2807	1845
2807	2251
2807	4114
2807	5890
2807	10400
2808	2082
2808	5781
2809	347
2809	526
2809	648
2809	5999
2810	194
2810	483
2810	684
2810	750
2810	1279
2810	1338
2810	3652
2810	6194
2811	543
2811	556
2811	564
2811	965
2811	1007
2811	1546
2811	2036
2811	3302
2811	8154
2812	62
2812	95
2812	211
2812	274
2812	358
2812	500
2812	765
2812	1701
2812	1731
2813	19
2813	35
2813	111
2813	289
2813	474
2814	55
2814	96
2814	103
2814	242
2814	309
2814	397
2814	497
2814	645
2814	804
2814	1054
2814	2568
2815	16
2815	32
2815	134
2815	509
2815	540
2816	142
2816	181
2816	183
2816	251
2816	252
2816	343
2816	762
2816	881
2816	914
2816	930
2816	2218
2816	2331
2816	2605
2816	6024
2817	30
2817	34
2817	364
2817	581
2817	653
2818	46
2818	583
2818	1127
2818	4542
2819	478
2819	669
2819	1041
2819	10606
2820	501
2820	734
2820	869
2820	1388
2820	1713
2820	2191
2821	300
2821	569
2821	680
2821	797
2821	1405
2821	1656
2821	3975
2822	184
2822	768
2822	1304
2823	117
2823	399
2823	490
2823	537
2823	668
2823	674
2823	727
2823	916
2823	2100
2823	3595
2823	4314
2824	316
2824	454
2824	549
2824	758
2824	826
2824	1302
2824	1454
2824	2810
2825	691
2825	1131
2825	4495
2826	81
2826	102
2826	195
2826	207
2826	299
2826	834
2826	2027
2826	2571
2826	4796
2827	52
2827	67
2827	302
2827	307
2827	402
2827	503
2827	554
2827	591
2827	621
2827	777
2827	1115
2827	12290
2828	199
2828	463
2828	498
2828	658
2828	1237
2828	2842
2828	3471
2828	10742
2829	446
2829	458
2829	1185
2830	6
2830	342
2830	624
2830	756
2830	994
2830	1329
2830	1601
2830	2699
2831	25
2831	123
2831	210
2831	434
2831	442
2831	588
2831	1417
2831	1665
2831	4070
2832	45
2832	49
2832	63
2832	128
2832	131
2832	133
2832	263
2832	267
2832	334
2832	403
2832	587
2832	622
2832	687
2832	1407
2832	4560
2832	6307
2833	180
2833	223
2833	332
2833	473
2833	562
2833	911
2833	1033
2833	1257
2833	1677
2833	2445
2833	3827
2834	107
2834	208
2834	815
2834	2148
2834	3700
2835	383
2835	1219
2835	3721
2835	6594
2836	1
2836	175
2836	290
2836	810
2836	1559
2836	1897
2836	4805
2837	14
2837	40
2837	314
2837	338
2837	377
2837	786
2837	812
2837	993
2837	1631
2838	64
2838	234
2838	1659
2838	4064
2839	93
2839	160
2839	221
2839	226
2839	231
2839	236
2839	277
2839	436
2839	570
2839	828
2839	1589
2839	1666
2839	3723
2839	4224
2839	6043
2839	12165
2840	22
2840	145
2840	443
2840	567
2840	1049
2840	2599
2840	12278
2841	99
2841	209
2841	657
2841	741
2841	907
2841	1716
2841	2353
2841	12465
2842	50
2842	73
2842	165
2842	171
2842	266
2842	425
2842	969
2842	1228
2842	1294
2842	1582
2842	1740
2842	2542
2843	59
2843	120
2843	163
2843	182
2843	228
2843	499
2843	717
2843	1485
2843	2132
2843	12421
2844	7
2844	90
2844	112
2844	293
2844	489
2844	582
2844	909
2844	2063
2845	84
2845	158
2845	232
2845	275
2845	1437
2845	1691
2845	2767
2846	8
2846	21
2846	27
2846	43
2846	246
2846	431
2846	949
2846	1463
2846	1931
2846	2496
2847	2
2847	15
2847	72
2847	97
2847	109
2847	188
2847	382
2847	505
2847	528
2847	800
2847	1317
2847	1616
2847	1688
2847	11460
2848	122
2848	172
2848	421
2848	627
2848	723
2848	811
2848	1249
2848	1271
2848	1805
2848	1830
2848	7198
2848	12171
2849	4
2849	36
2849	38
2849	48
2849	83
2849	126
2849	138
2849	301
2849	385
2849	406
2849	817
2849	1267
2850	555
2850	577
2850	643
2850	735
2850	736
2850	738
2850	1800
2850	2476
2850	2742
2850	2816
2850	11301
2851	98
2851	157
2851	495
2851	945
2851	1170
2851	1245
2851	1520
2851	2653
2851	3465
2852	70
2852	75
2852	78
2852	100
2852	104
2852	247
2852	281
2852	306
2852	423
2852	1320
2852	3232
2853	24
2853	71
2853	82
2853	121
2853	173
2853	249
2853	407
2853	466
2853	589
2853	1629
2853	3979
2853	11336
2854	1813
2854	1927
2854	2274
2854	2623
2855	66
2855	169
2855	322
2855	623
2855	934
2855	976
2855	1337
2855	2099
2855	2756
2855	5360
2855	7758
2856	9
2856	94
2856	386
2856	464
2856	752
2856	990
2856	1730
2856	11687
2857	65
2857	69
2857	547
2857	918
2857	1073
2857	1104
2857	1258
2857	1281
2857	1354
2857	2812
2858	130
2858	205
2858	482
2858	2795
2859	13
2859	37
2859	749
2859	822
2859	1022
2859	1888
2860	68
2860	150
2860	186
2860	239
2860	240
2860	1974
2860	11396
2861	125
2861	225
2861	245
2861	276
2861	617
2861	755
2861	1248
2861	1483
2861	2210
2861	4153
2862	42
2862	219
2862	619
2862	675
2862	713
2862	1040
2862	1301
2862	2344
2862	11086
2862	12338
2863	213
2863	214
2863	259
2863	550
2863	580
2863	864
2864	12
2864	41
2864	311
2864	388
2864	393
2864	411
2864	937
2864	1155
2864	1699
2864	4327
2865	77
2865	187
2865	216
2865	391
2865	908
2865	1090
2865	1098
2866	26
2866	162
2866	618
2866	1143
2866	2664
2867	51
2867	115
2867	185
2867	227
2867	303
2867	341
2867	345
2867	374
2867	1099
2867	1106
2867	1613
2867	2186
2868	475
2868	795
2869	56
2869	118
2869	770
2869	1465
2869	1490
2869	2001
2869	2296
2870	484
2870	662
2870	837
2870	958
2870	1057
2870	1068
2870	1827
2870	2231
2871	108
2871	296
2871	660
2871	1160
2871	1700
2871	1891
2871	2326
2871	10983
2872	254
2872	448
2872	485
2872	792
2872	1154
2872	9535
2873	149
2873	177
2873	459
2873	468
2873	530
2873	688
2873	1187
2873	1816
2873	1904
2873	1958
2873	2577
2873	3450
2874	44
2874	304
2874	456
2874	548
2874	927
2874	1050
2874	2364
2875	54
2875	197
2875	816
2875	1610
2875	2026
2875	2080
2876	164
2876	215
2876	612
2876	663
2876	1229
2876	1451
2876	2258
2877	387
2877	519
2877	731
2877	796
2877	986
2877	1112
2877	1136
2877	5260
2878	20
2878	651
2878	676
2878	838
2878	1159
2878	1403
2878	11026
2879	143
2879	1542
2879	11891
2880	23
2880	586
2880	1671
2881	12255
2882	686
2882	728
2883	176
2883	237
2883	288
2883	665
2883	1059
2883	2472
2883	8811
2883	12492
2884	18
2884	74
2884	140
2884	170
2884	268
2884	291
2884	331
2884	378
2884	476
2884	714
2885	279
2885	460
2885	605
2885	780
2885	1346
2885	2014
2885	2361
2886	47
2886	527
2886	745
2886	766
2886	774
2886	846
2886	902
2887	144
2887	1251
2887	1902
2887	2192
2887	5003
2888	419
2888	565
2888	832
2888	850
2888	1295
2888	3973
2889	305
2889	602
2889	699
2889	730
2889	781
2889	892
2889	919
2889	959
2889	961
2889	1277
2889	1810
2890	270
2890	417
2890	572
2890	1565
2890	1849
2890	8247
2890	11504
2891	220
2891	634
2891	776
2891	1148
2892	136
2892	229
2892	265
2892	746
2892	3846
2892	11902
2893	76
2893	174
2893	250
2893	413
2893	427
2893	761
2893	872
2893	1012
2893	1096
2893	1415
2893	12262
2894	146
2894	283
2894	375
2894	603
2894	646
2894	661
2894	922
2895	132
2895	269
2895	835
2895	858
2895	1182
2895	1758
2896	394
2896	404
2896	536
2896	558
2896	851
2896	2116
2897	610
2897	2011
2898	597
2898	664
2898	1382
2899	390
2899	541
2899	1193
2899	2327
2899	12236
2900	751
2900	1199
2901	10
2901	124
2901	330
2901	384
2901	401
2901	444
2901	1008
2901	1197
2901	1575
2901	11159
2902	396
2902	571
2902	590
2902	607
2902	3767
2902	7576
2902	12232
2903	626
2903	787
2904	318
2904	841
2904	1082
2904	1643
2905	91
2905	329
2905	348
2905	352
2905	360
2905	361
2905	362
2905	392
2905	418
2905	611
2905	729
2905	1095
2905	1166
2906	80
2906	353
2906	422
2906	951
2906	1180
2906	1638
2906	2829
2907	61
2907	1398
2907	2891
2908	517
2908	1557
2908	2792
2908	2960
2909	5
2909	92
2909	264
2909	682
2909	683
2909	808
2909	3685
2910	1133
2911	494
2911	12259
2912	510
2912	633
2912	655
2912	1513
2912	4044
2913	57
2913	349
2913	553
2913	874
2913	2032
2914	317
2914	829
2914	2378
2915	1174
2915	2055
2915	11319
2916	2262
2916	4420
2916	8895
2917	110
2917	156
2917	1856
2917	1993
2917	2311
2918	441
2918	625
2918	701
2919	940
2919	1089
2919	2665
2919	10509
2920	308
2920	936
2921	147
2921	346
2921	371
2921	467
2921	704
2921	788
2921	1960
2922	935
2922	1413
2922	4524
2922	11115
2923	1211
2923	11892
2924	502
2924	754
2924	1079
2924	2292
2924	8924
2924	12198
2925	373
2925	563
2925	2315
2926	119
2926	710
2926	848
2926	11379
2927	248
2927	486
2927	2401
2927	10152
2927	12394
2928	516
2928	1009
2928	1018
2928	1528
2929	315
2931	324
2931	3928
2932	127
2932	8293
2933	950
2933	2070
2933	2397
2934	1239
2934	1453
2934	1662
2934	2282
2934	4317
2935	11976
2936	641
2937	204
2937	410
2937	744
2937	2254
2938	898
2938	1379
2938	1749
2938	1905
2939	534
2939	539
2939	1603
2939	1709
2940	518
2940	724
2940	3996
2941	10191
2941	11574
2942	1910
2943	137
2943	1138
2943	12429
2944	493
2944	847
2944	1366
2947	312
2948	854
2949	1362
2949	2043
2950	492
2951	9538
2952	292
2953	7264
2954	1448
2954	1704
2954	7126
2955	3163
2955	11557
2956	189
2956	666
2956	1933
2957	258
2957	1892
2957	3442
2958	398
2958	426
2958	2079
2958	2586
2959	639
2960	12121
2961	11740
2962	1011
2963	10373
2964	327
2964	508
2967	880
2968	899
2968	1653
2969	440
2970	1378
2970	3330
2971	629
2971	972
2971	11430
2972	596
2974	280
2974	1263
2976	1356
2976	1942
2976	3204
2976	11761
2977	4104
2979	1176
2979	2241
2981	1484
2984	523
2984	7090
2985	715
2986	1161
2986	1711
2986	3224
2987	4252
2988	962
2988	1217
2989	1305
2990	2615
2991	878
2991	11973
2991	12090
2991	12305
2992	1262
2995	3655
2996	439
2996	2121
2997	1424
2997	1581
2997	12263
2998	12486
2999	865
2999	12095
3000	840
3000	1804
3001	842
3003	920
3003	12117
3004	1310
3005	985
3005	3966
3005	12028
3005	12331
3006	1084
3008	10430
3008	12187
3010	5679
3012	135
3012	1570
3012	6517
3017	2318
3017	2808
3017	11940
3018	1296
3019	2755
3020	947
3020	12448
3020	12469
3021	12241
3023	782
3024	8797
3025	2232
3026	2914
3027	1655
3027	11265
3028	1393
3028	2448
3031	853
3033	5691
3033	12453
3038	3475
3041	12411
3042	1244
3044	12495
3049	11975
3053	552
3053	3893
3054	4655
3056	10732
3058	12371
3059	1761
3059	3307
3063	3104
3064	12451
3066	2433
3067	3185
3068	2348
3069	5136
3069	11743
3070	614
3070	3616
3075	3296
3077	8243
3080	11943
3081	862
3081	11781
3082	10942
3084	12325
3085	3509
3088	7338
3091	2721
3094	921
3096	2256
3097	512
3097	1039
3098	855
3098	1859
3099	12369
3100	1577
3101	2128
3101	12069
3102	3701
3104	12053
3107	903
3107	5636
3114	363
3115	793
3116	224
3116	5298
3117	6283
3121	575
3122	1727
3123	10817
3128	1635
3130	1274
3131	2579
3131	3608
3135	9185
3136	4305
3137	3909
3139	5628
3140	1541
3141	2059
3141	12180
3142	5883
3143	12267
3144	12229
3145	1922
3145	5032
3148	101
3148	913
3149	8735
3151	12431
3152	1835
3152	8569
3152	11704
3153	11700
3155	2138
3156	1129
3157	939
3158	5979
3160	1116
3162	5383
3164	11535
3165	6706
3166	1276
3167	2038
3167	6273
3167	7068
3168	896
3168	10559
3168	10861
3169	6302
3169	8385
3170	6304
3171	1436
3171	3453
3172	6557
3172	8004
3173	1871
3174	11756
3177	1047
3180	12080
3182	1809
3182	7073
3182	11568
3185	3055
3185	4848
3186	1983
3186	3605
3187	8926
3188	1738
3188	1994
3188	2892
3190	4944
3190	8535
3194	11161
3196	1201
3196	2412
3196	7909
3197	10990
3198	1423
3200	1030
3202	447
3203	1755
3203	3198
3203	8237
3203	11948
3204	1399
3206	1925
3207	4567
3207	11775
3208	2236
3210	1519
3212	11766
3212	12379
3213	10008
3214	3885
3215	4489
3216	328
3216	3082
3217	1223
3217	4113
3219	161
3219	1128
3222	11990
3223	2125
3224	4267
3225	1292
3226	12327
3226	12440
3227	5479
3227	9959
3229	12144
3230	6464
3231	4230
3232	389
3232	7781
3233	5431
3240	2386
3242	613
3247	11600
3248	5878
3250	1147
3252	1555
3252	4066
3255	2613
3255	12043
3256	742
3257	3047
3258	1488
3258	6689
3258	11140
3260	1676
3261	4103
3264	3650
3266	445
3267	5189
3269	2694
3269	3740
3269	7837
3270	2874
3270	4105
3270	4343
3271	1637
3271	2078
3271	3830
3273	753
3275	1326
3275	3818
3277	10344
3277	11409
3278	337
3278	1078
3278	1563
3279	5578
3279	6971
3280	4575
3283	1373
3283	11421
3284	3531
3284	12364
3285	273
3285	692
3285	783
3285	10874
3286	487
3286	2921
3286	3793
3287	830
3288	4108
3290	1425
3291	1019
3291	1438
3292	1376
3293	12077
3295	767
3295	2081
3296	3794
3296	5908
3296	5932
3297	718
3297	1553
3298	1650
3298	12096
3299	420
3301	2093
3301	3243
3301	11576
3301	12382
3302	255
3302	1427
3302	3733
3303	1368
3304	351
3306	778
3306	1782
3306	2299
3308	10655
3308	11789
3309	6953
3309	9933
3310	12462
3311	3
3311	2565
3315	11732
3319	2520
3319	4194
3321	617
3321	1889
3321	1915
3322	1626
3322	1997
3324	1969
3324	5911
3325	7414
3325	12367
3326	1364
3327	11235
3329	2456
3330	3705
3330	12415
3333	118
3333	12493
3335	2572
3335	2865
3336	877
3336	4402
3340	12452
3342	801
3342	3824
3343	1192
3345	462
3346	294
3346	3604
3348	2345
3349	12183
3351	1194
3351	7028
3353	3165
3353	4265
3355	10658
3356	2996
3357	114
3358	1323
3363	1737
3363	12268
3364	5149
3365	4520
3366	8011
3368	11089
3374	12072
3375	409
3376	12449
3378	3058
3378	8264
3378	10119
3387	2525
3387	7682
3388	1461
3390	3926
3391	1844
3391	5170
3392	1722
3394	2867
3394	3961
3396	3032
3399	12111
3400	1502
3403	828
3405	1369
3406	1026
3406	2211
3411	901
3411	3222
3412	6697
3413	3911
3413	12389
3413	12487
3414	12078
3415	4255
3416	1906
3416	6461
3417	1048
3420	6116
3421	2162
3422	700
3423	640
3424	677
3424	3206
3424	11546
3425	3906
3427	1428
3427	1702
3427	12215
3427	12470
3428	1657
3429	2614
3429	10003
3429	10936
3430	88
3430	8141
3430	12467
3431	0
3431	4084
3431	6989
3431	10392
3432	2358
3432	3630
3433	831
3434	1689
3435	7450
3435	12396
3437	1051
3441	12378
3443	3304
3444	657
3444	7278
3444	11169
3445	2123
3445	9373
3446	217
3447	10280
3447	12343
3450	685
3450	1241
3451	1962
3451	4906
3453	1814
3454	6997
3455	12349
3456	12398
3459	5448
3460	12474
3461	2252
3463	2308
3463	2475
3465	2568
3465	12316
3466	522
3469	3741
3470	8705
3471	388
3472	631
3473	857
3474	6957
3474	7642
3476	5242
3476	10410
3476	11639
3477	302
3479	7271
3481	4691
3481	11133
3483	367
3484	8429
3485	827
3485	12227
3487	11053
3489	4865
3491	10907
3491	11424
3491	12412
3492	331
3492	12280
3493	2378
3493	8486
3494	2515
3500	2470
3501	6655
3501	11888
3504	113
3504	11426
3504	12307
3505	599
3505	1843
3505	10156
3506	4791
3506	6757
3506	11435
3514	3561
3517	2516
3518	3535
3520	349
3520	6588
3523	1260
3523	4756
3526	2403
3528	67
3528	332
3528	8619
3529	11953
3533	12191
3534	3254
3535	1163
3538	3084
3538	10080
3539	11393
3543	744
3544	4896
3547	2547
3554	2765
3556	9739
3558	1173
3562	3011
3566	4233
3566	10061
3568	344
3570	11754
3571	10359
3572	8554
3574	9896
3576	1112
3576	8240
3578	721
3579	257
3579	12221
3581	8749
3583	1648
3584	10097
3587	795
3587	6038
3588	2925
3590	313
3591	11741
3593	1142
3593	5668
3594	11507
3594	12384
3594	12455
3595	967
3596	7508
3597	3562
3598	4086
3599	5617
3600	517
3601	147
3603	2995
3604	121
3604	3698
3605	730
3605	2095
3606	3879
3608	215
3609	4809
3610	949
3611	220
3611	2276
3612	8741
3613	474
3613	992
3613	12489
3615	3190
3617	1330
3617	2359
3618	70
3624	3010
3626	866
3627	11694
3627	12370
3629	7034
3629	12018
3629	12164
3630	1958
3632	720
3633	1381
3636	2246
3636	12446
3638	12331
3639	130
3639	6743
3640	131
3642	287
3642	966
3645	3149
3645	4739
3648	9587
3655	956
3656	2073
3658	99
3658	335
3658	7053
3659	209
3661	3175
3663	537
3664	816
3664	3751
3664	11987
3666	12433
3669	4746
3669	4954
3670	11820
3671	1315
3672	799
3674	1042
3675	1799
3677	5952
3678	228
3678	643
3680	2485
3680	9359
3681	10074
3683	5948
3685	1862
3685	2462
3685	12064
3686	2610
3687	2480
3687	10237
3688	5551
3688	9992
3690	1721
3690	10654
3691	95
3691	633
3692	2968
3695	312
3698	9055
3699	460
3699	2798
3700	3764
3701	970
3702	630
3704	1189
3704	2461
3704	3601
3705	955
3705	2090
3705	4588
3706	341
3706	1604
3706	3658
3706	5464
3706	6796
3707	1762
3707	9132
3709	11678
3709	11939
3710	12402
3711	134
3711	890
3712	10489
3713	429
3713	3301
3714	757
3714	2601
3714	7360
3716	44
3716	10656
3718	5142
3719	136
3719	221
3719	9334
3720	9155
3721	170
3721	645
3723	1388
3723	5549
3725	232
3725	6877
3726	4907
3726	12204
3727	69
3727	1250
3728	3706
3730	132
3730	705
3730	1768
3730	11500
3730	12099
3731	1390
3732	382
3733	8721
3734	6454
3734	6516
3737	698
3737	1069
3738	486
3738	968
3738	1349
3740	167
3740	1536
3740	4173
3740	12419
3741	3841
3742	342
3742	604
3743	1552
3744	686
3744	6143
3744	7793
3746	4071
3748	512
3749	1914
3749	2621
3749	3534
3750	765
3751	300
3752	10226
3752	12033
3753	5413
3754	87
3754	833
3754	1367
3754	1890
3755	1340
3755	11831
3756	1970
3756	2200
3757	279
3758	55
3758	2292
3758	2509
3758	6645
3758	10026
3759	658
3759	1135
3760	174
3760	402
3760	11560
3761	510
3761	2508
3761	3913
3762	10700
3763	1021
3764	187
3764	2273
3764	4188
3765	687
3765	1130
3765	1798
3765	9670
3766	4856
3766	6447
3766	12296
3767	364
3767	1753
3768	3536
3769	1857
3770	107
3770	8458
3771	8759
3772	1821
3772	1874
3772	3317
3772	4614
3772	12217
3774	84
3774	1079
3774	1898
3774	1951
3775	172
3775	1542
3776	4603
3777	1294
3777	6960
3778	2725
3778	6497
3779	61
3779	5419
3779	8790
3780	814
3780	844
3780	1856
3780	5838
3781	1881
3782	1120
3782	1338
3784	2948
3784	3092
3784	12037
3785	3076
3786	86
3786	5453
3786	6874
3787	612
3787	777
3787	780
3787	3982
3788	261
3789	293
3789	10971
3790	492
3790	1149
3790	1285
3791	73
3791	878
3792	546
3793	1504
3793	11745
3794	734
3794	980
3795	39
3795	231
3795	665
3795	1074
3796	1807
3796	3406
3797	391
3797	478
3797	1398
3797	3324
3797	4699
3797	7699
3798	627
3798	1667
3798	3239
3799	142
3799	1411
3799	4625
3800	158
3801	1114
3802	7
3802	179
3802	333
3802	691
3802	1293
3802	2583
3802	4926
3802	5254
3802	12059
3803	72
3803	153
3803	361
3803	856
3803	1991
3803	2634
3803	6274
3804	1692
3805	723
3805	5220
3805	8185
3806	193
3806	1086
3806	6015
3807	2050
3809	606
3809	5192
3811	916
3812	397
3812	2653
3813	230
3813	704
3813	873
3813	1102
3813	7872
3814	1391
3814	4114
3814	5253
3815	66
3815	1870
3816	166
3816	1246
3816	3322
3818	126
3818	169
3818	229
3818	276
3818	482
3818	981
3818	1104
3818	1302
3818	1967
3818	2993
3818	3572
3819	176
3819	370
3819	440
3819	524
3819	948
3819	1606
3819	1789
3819	12326
3820	1624
3820	8860
3821	638
3822	109
3822	1479
3822	3831
3823	277
3823	585
3823	629
3823	832
3823	849
3823	909
3823	1012
3824	75
3824	750
3824	1000
3824	1631
3824	2920
3825	295
3825	661
3826	330
3826	360
3826	746
3826	1247
3826	1705
3826	2174
3826	3384
3826	4640
3826	6691
3827	93
3827	127
3827	212
3828	275
3828	888
3828	1442
3829	272
3829	518
3829	541
3829	545
3829	10408
3830	804
3830	2965
3831	4
3831	47
3831	554
3831	556
3831	2099
3832	52
3832	519
3832	654
3832	1151
3832	1195
3833	8
3833	1711
3833	2228
3833	6904
3833	11674
3834	30
3834	298
3834	695
3834	759
3834	1218
3834	1774
3834	2465
3834	11815
3834	12026
3835	49
3835	401
3835	469
3835	623
3835	1817
3835	2290
3836	268
3836	1166
3836	2446
3836	3134
3837	10
3837	1830
3837	1858
3838	45
3838	148
3838	154
3838	1140
3838	1710
3838	9837
3839	62
3839	466
3839	12130
3840	36
3840	117
3840	304
3840	356
3840	637
3840	1232
3840	1395
3840	3583
3840	11067
3841	22
3841	92
3841	506
3841	625
3841	776
3841	900
3841	5411
3842	28
3842	71
3842	178
3842	328
3842	511
3842	520
3842	679
3842	995
3842	1228
3842	1545
3842	2139
3842	2341
3842	3418
3842	4409
3842	12294
3843	14
3843	17
3843	171
3843	743
3843	1009
3843	1387
3843	5442
3844	189
3844	296
3844	764
3844	1182
3845	145
3845	222
3845	2637
3846	51
3846	150
3846	196
3846	539
3846	1714
3846	1815
3846	10459
3847	50
3847	77
3847	415
3847	1049
3847	1113
3847	1839
3847	2546
3847	4844
3847	10681
3848	173
3848	206
3848	1196
3849	241
3849	339
3849	858
3849	1227
3849	12410
3850	250
3850	343
3850	423
3850	496
3850	731
3850	12194
3851	46
3851	384
3851	797
3851	922
3852	13
3852	64
3852	219
3852	346
3852	352
3852	12073
3853	100
3853	616
3853	926
3853	3030
3854	9
3854	108
3854	569
3854	2737
3854	11261
3855	177
3855	237
3855	1999
3856	97
3856	157
3856	197
3856	264
3856	303
3856	4438
3857	125
3857	421
3857	552
3857	591
3857	1070
3857	1385
3857	2444
3857	11484
3857	12013
3858	11
3858	59
3858	102
3858	204
3858	225
3858	252
3858	286
3858	320
3858	529
3858	798
3859	79
3859	85
3859	112
3859	141
3859	390
3859	405
3859	453
3859	870
3859	977
3859	2693
3860	501
3860	527
3860	839
3861	2
3861	12
3861	40
3861	80
3861	824
3861	937
3861	971
3861	972
3861	1132
3861	2316
3861	2513
3861	4525
3861	8368
3862	76
3862	78
3862	110
3862	203
3862	1263
3862	5114
3863	156
3863	191
3863	223
3863	376
3863	410
3863	815
3863	2014
3864	16
3864	297
3864	1001
3864	1002
3864	1093
3865	1
3865	60
3865	266
3865	516
3865	647
3865	1471
3866	29
3866	68
3867	534
3867	648
3867	671
3867	792
3867	809
3867	1248
3867	2641
3868	165
3868	439
3868	538
3868	587
3869	363
3869	498
3869	12484
3870	41
3870	1055
3871	37
3871	897
3872	65
3872	224
3872	340
3872	465
3873	1191
3874	151
3874	199
3874	456
3874	964
3874	1063
3875	23
3875	210
3875	240
3875	755
3876	24
3876	96
3876	146
3876	216
3876	690
3877	0
3877	21
3877	98
3877	218
3877	308
3877	454
3877	575
3877	1975
3878	54
3878	139
3878	253
3878	540
3878	557
3878	636
3878	711
3878	1184
3879	5
3879	135
3879	195
3879	375
3879	979
3879	10985
3880	15
3880	38
3880	379
3880	505
3880	767
3881	140
3881	188
3881	374
3882	18
3882	461
3882	1534
3882	2876
3882	5691
3883	32
3883	104
3883	152
3883	414
3883	448
3883	1204
3883	12463
3884	25
3884	284
3884	307
3884	499
3884	562
3884	1304
3885	249
3885	265
3886	314
3886	635
3886	1407
3887	254
3887	1047
3888	464
3888	613
3888	1825
3889	161
3889	244
3889	263
3889	1467
3889	1540
3889	12405
3890	57
3890	159
3890	247
3890	368
3891	35
3891	155
3891	353
3891	357
3892	82
3892	101
3892	467
3893	246
3893	283
3893	359
3894	129
3894	181
3894	290
3894	551
3894	615
3894	3995
3895	94
3895	251
3895	281
3895	289
3895	377
3895	1899
3895	2760
3896	111
3896	124
3896	394
3896	2040
3897	217
3897	291
3897	392
3897	500
3897	1557
3897	11522
3898	20
3898	26
3898	119
3898	235
3898	1910
3898	6793
3899	74
3899	83
3899	3268
3900	160
3900	202
3900	227
3900	309
3900	348
3900	378
3900	400
3900	514
3900	610
3900	1169
3901	33
3901	182
3901	233
3901	609
3902	31
3902	138
3902	317
3902	939
3903	1653
3904	105
3905	186
3905	1633
3907	56
3907	6381
3908	3218
3908	12032
3909	590
3909	738
3909	2631
3910	27
3911	278
3911	430
3911	509
3911	536
3911	11814
3912	19
3912	89
3913	103
3913	260
3913	458
3913	1065
3914	404
3914	1298
3914	11504
3915	115
3915	1433
3916	63
3916	451
3916	533
3916	1796
3917	120
3917	879
3917	1213
3918	321
3918	12232
3919	508
3919	577
3919	640
3920	162
3920	192
3920	409
3920	852
3921	611
3921	1448
3921	1571
3921	4959
3921	8570
3921	12490
3922	185
3922	9216
3923	413
3923	718
3923	1660
3924	208
3924	258
3924	1601
3924	12456
3925	396
3925	417
3925	558
3925	4237
3926	997
3926	1827
3927	34
3927	1419
3928	652
3928	3174
3928	4849
3928	12181
3929	205
3929	336
3930	6
3930	445
3930	7062
3931	584
3931	773
3931	957
3931	2283
3931	12237
3932	143
3932	288
3932	699
3932	840
3932	1982
3932	9740
3932	10642
3933	362
3933	434
3933	1566
3933	10592
3934	1767
3935	365
3935	523
3935	565
3935	10290
3936	211
3936	924
3937	515
3937	881
3938	198
3938	549
3938	4597
3938	6357
3939	184
3939	347
3939	1373
3939	3449
3940	90
3940	487
3940	5248
3941	58
3941	123
3941	349
3941	772
3942	190
3942	919
3942	1790
3942	7593
3943	194
3943	950
3943	2299
3943	2678
3944	386
3944	646
3944	932
3944	1100
3944	1559
3944	2052
3944	10566
3945	502
3946	1541
3947	3
3947	248
3948	236
3948	372
3948	1276
3949	122
3949	369
3949	715
3949	4028
3950	53
3950	472
3950	1022
3951	589
3951	642
3951	709
3951	1977
3952	114
3952	327
3952	476
3952	707
3952	10373
3952	12283
3953	323
3953	441
3953	834
3954	175
3954	443
3954	507
3954	778
3954	959
3954	12488
3955	1134
3955	3581
3956	259
3956	854
3956	1144
3956	2680
3956	6544
3957	570
3958	442
3958	1638
3958	5167
3959	462
3959	564
3959	2785
3959	3183
3960	42
3960	67
3961	12052
3962	325
3962	504
3962	1531
3964	578
3964	1115
3965	144
3965	433
3966	406
3966	676
3966	688
3966	5082
3967	234
3967	459
3967	12297
3968	1386
3968	11037
3969	2010
3969	11584
3970	483
3970	484
3970	811
3971	741
3971	835
3971	1913
3972	1463
3973	121
3973	256
3973	719
3973	5017
3974	306
3974	880
3974	12220
3974	12475
3976	393
3977	12418
3978	81
3979	1589
3980	497
3980	803
3980	826
3980	1399
3983	619
3983	632
3983	5086
3983	11147
3984	822
3984	4164
3985	1207
3987	446
3987	3413
3988	669
3988	963
3989	418
3990	581
3993	2145
3993	4800
3995	599
3995	2350
3996	267
3996	749
3996	12428
3997	2232
3997	4480
3998	2817
3998	4300
3999	355
3999	11630
4000	600
4000	1617
4000	7954
